1
29
-117.241500000000002  33.429299999999998
-116.085800000000006  33.423800000000000
-114.733000000000004  33.434800000000003
-114.629000000000005  33.434800000000003
-114.727599999999995  33.401899999999998
-114.700199999999995  33.352600000000002
-114.733000000000004  33.303300000000000
-114.672799999999995  33.259500000000003
-114.705699999999993  33.089700000000001
-114.661799999999999  33.034999999999997
-114.513999999999996  33.029499999999999
-114.464699999999993  32.903500000000001
-114.524900000000002  32.755600000000001
-114.617999999999995  32.728200000000001
-114.700199999999995  32.744700000000002
-114.722099999999998  32.717300000000002
-116.107799999999997  32.618699999999997
-117.126499999999993  32.536600000000000
-117.170299999999997  32.673499999999997
-117.247000000000000  32.667999999999999
-117.279799999999994  32.837800000000001
-117.252399999999994  32.898000000000003
-117.329099999999997  33.122599999999998
-117.504400000000004  33.336199999999998
-117.597499999999997  33.385500000000000
-117.581100000000006  33.451200000000000
-117.509900000000002  33.467599999999997
-117.509900000000002  33.506000000000000
-117.361999999999995  33.506000000000000
